(-1.796206,1.677650,-1.661011(-0.962507,1.283709,-1.274027(0{4.7,1.1,1.4(-1.750000,0.400000,-1.800000
(-1.541485,1.088206,1.596276(-0.135000,0.700000,-0.135000(1{3.8,0.8,2(-1.853475,0.360523,-0.258858
(-2.577368,0.985733,4.117306(-1.765456,0.966534,3.533843(0{3.6,1.3,1.8(-1.738777,0.345628,1.857314
(-2.571228,0.785748,3.223265(-1.664933,0.778766,3.645854(0{3.6,1.2,1.6(-1.689347,0.338589,3.956400
(-3.829556,1.049013,1.994589(-3.103125,0.989706,2.679265(1{1.9,1.1,3.2(-3.928012,0.369505,2.182719
(-3.286589,0.491583,5.311356(-4.244563,0.682392,5.097167(0{1.2,1.3,0.8(-5.186584,0.391583,4.511355
(-4.293199,0.889769,1.852721(-4.535167,0.917689,2.822603(0{1.1,1.1,1.4(-5.308255,0.391954,2.856117
(2.803629,1.289594,2.283025(2.547741,1.133159,3.236990(0{1.2,1.2,2(1.962756,0.311756,2.283446
(5.199558,1.532158,0.994934(4.673427,1.160788,1.759963(0{1.7,1.2,2.7(3.249559,0.332158,0.844934
(5.327540,0.752923,4.830409(4.513018,0.845294,4.257677(0{2.1,1.2,1.5(3.334145,0.336687,3.928286
(-5.329627,1.136009,-0.420586(-4.354308,1.071474,-0.209429(0{3.3,1.2,1.1(-5.340739,0.337100,-0.544132
(-1.966292,0.599729,1.317078(-2.962693,0.611943,1.233202(0{1.8,1.2,0.8(-5.342757,0.403271,0.691318
(-5.374771,1.669805,-1.675835(-4.515318,1.204965,-1.463081(0{1.5,0.8,1(-4.882258,0.351885,-1.725376
